NC_016847.1
1 3353
NC_016839.1
1 83407
84462 105974
NC_016846.1
1 393
2071 38015
39728 42728
44298 45326
48711 62335
63261 63962
66417 106393
109453 111195
NC_016838.1
1 122799
NC_016845.1
16973 21380
94724 99005
100058 104870
110876 112369
118239 125584
125843 136835
138509 147833
174334 175746
192457 192527
196088 196935
203126 212335
212443 213922
214693 215505
216340 221218
222156 222926
223309 223367
235727 257410
257479 262156
289768 293627
293975 299229
303219 314309
316828 321563
322150 324342
329524 329590
332217 335840
340176 355915
361774 362701
391865 395664
403157 403224
403411 410370
418677 429852
491353 491493
498225 500565
511579 511725
520079 524457
526955 531160
535535 547273
563352 563686
564052 564170
581789 594145
624600 625512
627148 628724
629712 629972
630318 638460
639624 644460
646697 648525
651216 651336
654382 658041
660537 660631
670120 671569
677371 678430
679645 726391
748375 749198
754231 754326
754879 760469
761311 762537
772474 773264
774734 780160
780645 780803
781706 781763
783583 790031
791101 795910
796260 798806
799557 812326
815921 819213
822889 849736
868306 871817
872048 885483
886646 888099
889614 895654
896126 896193
901247 908450
911619 916096
916576 923808
925627 937121
941059 944020
946569 946655
946845 963143
964766 968233
993260 1001900
1002201 1003829
1004310 1010539
1011479 1030745
1030835 1030907
1062313 1073321
1079878 1081242
1113102 1113309
1119313 1123088
1125323 1128986
1131881 1138546
1141673 1144671
1145467 1145631
1160130 1160865
1162064 1162670
1165339 1166379
1172600 1174737
1178286 1186620
1205045 1217969
1218108 1226030
1230801 1241817
1264139 1264323
1289752 1298391
1298861 1301943
1302065 1304676
1304800 1305127
1305285 1312792
1313467 1339830
1364861 1365000
1385534 1385715
1387859 1394227
1412949 1422268
1427279 1427593
1428668 1436455
1437745 1437840
1447580 1449366
1451291 1451403
1467448 1467577
1488026 1488657
1501380 1501436
1506476 1507464
1518186 1519719
1530697 1530764
1540002 1540117
1543806 1550003
1551676 1557874
1558199 1574572
1574655 1575051
1617909 1626918
1632182 1636611
1638720 1639043
1644581 1645177
1649068 1649164
1649598 1653128
1660199 1661060
1661779 1662691
1665892 1702842
1703012 1706625
1712121 1713717
1716973 1717782
1725263 1727945
1730540 1732959
1733571 1739417
1740487 1741289
1743137 1761227
1763388 1763487
1765012 1771138
1773411 1775598
1778268 1808594
1810553 1814206
1822680 1823620
1827373 1846002
1849933 1869876
1874118 1876241
1883760 1884380
1887235 1892258
1893140 1901588
1904987 1906890
1907478 1936987
1937103 1944521
1946667 1947042
1949675 1951500
1951759 1953161
1958723 1958892
1972402 1972487
1973449 1973982
1975154 1975268
1994898 1995794
1998691 1999090
2002630 2004650
2010261 2015245
2015642 2015759
2016129 2026961
2043901 2046130
2047930 2048131
2049481 2054119
2065875 2066000
2085755 2089817
2094756 2094838
2095074 2105181
2116266 2120048
2120992 2124375
2130663 2131558
2133638 2134687
2135160 2136467
2136586 2145568
2150024 2151468
2151975 2152109
2199253 2201177
2215326 2217479
2218490 2220002
2224461 2230806
2230935 2234090
2234284 2238844
2239780 2254758
2259863 2262259
2269270 2269410
2273217 2326201
2340643 2341554
2342175 2342359
2342805 2354487
2370471 2377074
2379734 2380755
2381081 2393085
2395856 2401673
2412956 2413422
2418097 2425743
2435072 2435257
2437893 2441836
2443482 2443638
2444484 2447019
2448659 2467396
2467748 2472463
2473510 2476305
2483038 2483119
2483555 2497229
2498884 2511132
2511851 2538272
2538397 2545310
2549383 2553188
2556288 2557941
2560308 2561963
2576042 2595251
2596831 2600557
2627305 2627531
2628526 2628722
2629162 2664848
2667098 2685260
2699870 2700243
2700602 2707257
2736475 2736630
2740437 2743160
2750811 2757205
2765445 2778706
2779147 2799579
2800698 2806631
2806698 2810087
2810382 2818068
2821119 2821990
2831642 2848311
2857321 2857962
2868798 2869843
2879010 2887664
2889183 2889234
2890967 2896460
2896808 2928638
2932608 2951627
2953790 2962129
2967726 2968496
2969220 2978351
2980155 2989567
2995521 2997093
2999891 3003264
3015783 3016635
3029185 3038643
3041000 3042712
3042916 3043352
3065795 3067586
3068002 3068984
3115626 3120696
3131892 3140205
3152808 3155179
3160281 3160762
3163056 3173312
3179096 3184630
3185217 3191071
3199385 3205262
3214892 3216768
3231048 3233784
3235101 3235630
3242762 3248944
3249073 3257953
3263750 3264149
3287392 3287534
3289462 3290844
3296849 3297038
3305436 3305506
3307126 3310847
3314287 3314341
3322080 3336536
3336639 3341261
3344144 3353092
3353179 3359039
3359110 3363599
3367872 3372959
3385602 3401720
3401990 3405275
3406214 3506263
3506588 3507840
3509980 3519683
3522925 3523112
3525220 3527130
3543909 3553056
3554146 3555089
3556335 3577594
3577918 3580276
3580921 3582441
3622901 3628017
3653991 3654933
3655605 3657222
3659251 3660325
3663256 3665822
3678362 3678574
3682512 3690472
3691330 3696074
3697101 3712338
3716490 3718469
3720327 3728436
3729400 3733873
3743756 3744154
3748881 3750949
3755278 3767619
3770605 3770791
3783294 3798718
3807001 3807065
3809827 3814759
3824188 3824840
3826583 3862042
3868046 3871600
3875818 3876051
3895602 3901797
3907063 3915430
3918628 3924980
3927063 3937687
3938932 3942438
3957145 3961077
3965328 3973467
3977251 3982304
3982415 3989400
3996984 3997188
4010131 4019743
4019824 4029199
4029701 4034332
4049889 4085231
4087311 4087488
4090349 4092009
4098641 4098802
4099555 4106434
4106823 4114159
4114695 4125632
4128355 4128904
4130272 4138441
4139741 4143198
4149218 4149269
4197031 4198664
4231567 4231651
4298210 4299275
4388760 4389478
4389552 4400700
4403117 4404030
4407882 4408163
4409892 4414603
4415451 4415502
4419148 4428805
4429713 4436938
4441781 4446627
4447002 4453564
4459786 4476821
4481949 4489019
4496790 4498049
4502849 4513493
4513617 4558813
4559138 4562078
4574311 4577582
4580981 4583110
4584179 4584943
4631591 4631931
4671295 4672765
4675518 4675581
4682430 4691321
4691910 4716037
4716474 4725532
4738922 4740639
4741839 4744098
4759402 4775629
4776036 4776319
4782526 4783393
4785925 4786317
4787659 4790481
4792308 4793006
4793362 4820260
4820330 4841229
4841629 4846461
4880431 4880565
4885790 4885944
4900889 4902445
4906149 4920282
4927499 4927694
4930747 4930797
4961882 4965246
4972932 4973682
4979365 4979531
5070179 5076862
5077410 5078857
5119976 5120030
5151722 5152787
5166144 5166197
5166844 5173742
5174688 5176733
5224818 5225337
5249538 5256501
5281150 5282141
5284906 5290175
NC_016840.1
1 3751
NC_016841.1
1 1308
